========================================================================================================================
RIEPILOGO GLOBALE ANALISI FP/FN
========================================================================================================================

Binary                           TP   FP   FN   TN TP_ok TP_wr GT_na   Prec    Rec     F1
------------------------------------------------------------------------------------------------------------------------
b2sum.gcc.O0                      4   16   11  101     0     4     7  0.200  0.267  0.229
base64.gcc.O0                     4   16   26   86     0     4     9  0.200  0.133  0.160
basename.gcc.O0                   4   16   26   86     0     4     9  0.200  0.133  0.160
bash.gcc.O0                      12   12   29   79     0    12    12  0.500  0.293  0.369
blkid.gcc.O0                      7   13   30   82     0     7    10  0.350  0.189  0.246
cal.gcc.O0                       10   15   27   80     0    10    10  0.400  0.270  0.323
cat.gcc.O0                        4   16   26   86     0     4     9  0.200  0.133  0.160
chgrp.gcc.O0                      5   15   27   85     0     5     9  0.250  0.156  0.192
chmod.gcc.O0                      5   15   27   85     0     5     9  0.250  0.156  0.192
chown.gcc.O0                      5   15   27   85     0     5     9  0.250  0.156  0.192
------------------------------------------------------------------------------------------------------------------------
TOTALE                           60  149  256  855     0    60    93  0.287  0.190  0.229
